1)直流告警												
7E 32 31 30 31 34 32 34 34 45 30 30 32 30 31 46 44 33 36 0D	  	

4)交流告警
7E 32 31 30 31 34 32 34 34 45 30 30 32 30 31 46 44 33 38 0D	  	

7)12整流告警
7E 32 31 30 31 34 31 34 34 30 30 30 30 46 44 41 44 0D	  		

10)14配置模块数量
7E 32 31 30 31 34 31 34 32 30 30 30 30 46 44 42 31 0D	
  		
13)15交流测量Uabc						
7E 32 31 30 31 34 30 34 32 45 30 30 32 30 30 46 44 33 42 0D	

16)18直流测量
7E 32 31 30 31 34 32 34 32 45 30 30 32 30 30 46 44 33 38 0D	  	

19)20整流测量
7E 32 31 30 31 34 31 34 32 30 30 30 30 46 44 42 31 0D	  		

22)23均充控制
7E 32 31 30 31 34 31 34 35 43 30 30 34 31 30 30 31 46 46 44 35 0D	  	

25)24浮充电压设定值	54V  &57V	
7E 32 31 30 31 34 32 34 38 36 30 30 41 46 31 34 32 35 30 30 30 30 30 46 42 41 33 0D	  		
7E 32 31 30 31 34 32 34 38 36 30 30 41 46 31 34 32 35 33 30 30 30 30 46 42 38 32 0D 
	  		
30)25直流输出电压过低设定	46v & 48v			
7E 32 31 30 31 34 32 34 38 36 30 30 41 38 30 34 32 33 38 30 30 30 30 46 42 39 41 0D	  	
7E 32 31 30 31 34 32 34 38 36 30 30 41 38 30 34 32 34 30 30 30 30 30 46 42 41 33 0D	  		

33)26直流输出电压过高设定	58v & 59v
7E 32 31 30 31 34 32 34 38 36 30 30 41 38 31 34 32 35 34 30 30 30 30 46 42 39 43 0D	  		
7E 32 31 30 31 34 32 34 38 36 30 30 41 38 31 34 32 35 35 30 30 30 30 46 42 39 44 0D	  		
