1)1电池XX熔丝故障告警							
7E 00 00 45 04 02 59 00 0D 84 21					

4)2电池XX充电过流告警
7E 00 00 65 04 02 59 00 28 C5 EE					

7)3电池XX温度过高告警
7E 00 00 65 04 02 59 00 1E 93 7B					

10)4电池供电告警
7E 00 00 65 04 02 59 00 33 66 B4 					 

13)5直流输出电压过低告警


16)6直流输出电压过高告警
 

19)7交流输入XX电压过高告警
7E 00 00 65 04 02 59 00 2F B5 09					

22)8交流输入XX电压过低告警
7E 00 00 45 04 02 59 00 30 63 DF					

25)9交流输入XX停电告警


28)10交流输入XX缺相告警
7E 00 00 45 04 02 59 00 2E 90 20										

31)11防雷器故障告警


34)12整流模块XX故障告警
7E 00 00 45 04 02 59 00 05 05 29 					

37)13整流模块XX通信状态告警


40)获取模拟量
7E 00 00 65 02 40 7D 5E AF 8B